2 2 2 2 2 2 2 2 2 2 2 2 2 2 2 2 2 2 2 2 2 2 2 2 2 2 1 1 1 1 1 1 1 1 1 1 1 1 1 1 1 1 1 0 0 0 0 0 0 0 0 1 1 1 1 1 1 1 1 1 1 0 1 1 1 0 0 0 0 0 0 0 1 0 0 0 0 0 0 0 0 0 0 0 0 0 0 0 0 0 0 0 0 0 0 0 0 0 0 0 0 0 0 0 0 0 0 0 0 0 0 0 0 0 0 0 1 1 0 0 1 2 0 0 2 2 2 1 0 0 1 2 3 3 3 3 3 3 3 3 3 3 3 3 2 0 0 0 0 0 0 0 3 2 2 3 4 4 4 4 4 4 3 3 3 1 4 4 4 4 
2 2 2 2 2 2 2 2 2 2 2 2 2 2 2 2 2 2 2 2 2 2 2 2 2 2 2 2 2 2 1 1 1 1 1 1 1 1 1 1 1 1 1 0 0 0 0 0 0 0 1 1 1 1 1 1 1 1 1 1 1 1 1 2 1 1 2 1 0 0 0 1 0 0 0 0 0 0 0 0 0 0 0 0 0 0 0 0 0 0 0 0 0 0 0 0 0 0 0 0 0 0 0 0 0 0 0 0 0 0 0 0 0 1 1 1 1 1 0 0 2 2 1 2 3 3 3 2 2 2 2 2 3 3 3 3 3 3 3 3 3 3 3 3 2 0 0 0 0 0 0 0 1 1 4 4 4 4 3 3 4 4 3 3 3 3 4 4 4 3 
2 2 2 2 2 2 2 2 2 2 2 2 2 2 2 2 2 2 2 3 2 2 2 2 2 2 2 2 2 2 2 2 2 1 1 1 1 1 1 1 1 1 2 1 1 0 0 0 1 1 1 1 1 1 1 1 1 1 1 1 2 3 2 3 3 2 3 3 2 2 3 0 0 0 0 0 0 0 0 0 0 0 0 0 0 0 0 0 0 0 0 0 0 0 0 0 0 0 0 0 0 2 0 0 0 0 0 0 0 0 0 1 1 1 1 1 1 1 1 1 2 2 2 3 3 3 3 3 3 3 3 2 2 3 3 3 3 3 3 3 3 3 3 3 1 0 0 0 0 0 0 0 0 3 4 4 4 4 4 4 4 4 4 4 4 4 3 4 4 4 
2 2 2 2 2 2 2 2 2 2 2 2 2 2 2 2 2 2 2 2 2 2 2 2 2 2 2 2 2 2 2 2 2 2 2 1 1 1 1 2 2 2 2 2 2 2 1 1 1 1 1 1 1 1 1 1 1 1 1 2 3 3 4 3 3 3 4 4 4 3 2 0 0 0 0 0 0 0 0 0 0 0 0 0 0 0 0 0 0 0 0 0 0 0 0 0 0 0 0 0 0 0 0 0 0 0 0 0 0 0 0 1 1 1 1 1 1 1 1 2 2 2 2 3 3 3 3 3 3 3 3 3 3 3 3 3 3 3 3 3 3 3 3 3 1 0 0 0 0 0 0 0 2 4 4 4 4 4 4 4 4 4 4 3 3 3 3 4 4 4 
2 2 2 2 2 3 3 2 2 2 2 2 2 2 2 2 2 2 2 2 2 2 2 2 2 2 2 2 2 2 2 2 2 2 3 2 2 2 2 1 2 2 2 2 2 2 2 2 1 1 1 1 1 1 1 1 1 1 1 2 3 3 4 4 4 4 4 4 4 3 2 0 0 0 0 0 0 0 0 0 0 0 0 0 0 0 0 0 0 0 0 0 0 0 0 0 0 0 0 0 0 0 0 0 0 0 0 0 0 0 0 0 0 0 0 0 0 1 2 2 2 2 3 3 2 2 2 3 3 3 3 3 3 3 3 3 3 3 3 3 3 3 3 3 2 1 1 1 0 0 0 0 4 5 4 4 4 4 4 4 3 2 1 1 1 1 1 3 4 4 
3 2 2 2 2 3 2 2 2 2 2 2 2 2 2 2 3 3 2 2 2 2 2 2 2 3 2 2 2 2 2 2 2 2 3 3 3 3 3 2 2 2 2 2 2 2 2 2 2 1 1 1 1 1 1 1 1 1 1 2 4 4 4 4 4 4 4 4 3 3 3 1 0 0 0 0 0 0 0 0 0 0 0 0 0 0 0 0 0 0 0 0 0 0 0 0 0 0 0 0 0 0 0 0 0 0 0 0 0 0 0 0 0 0 0 1 1 2 2 2 2 2 2 2 2 2 2 2 2 3 3 3 3 3 3 3 3 3 3 3 3 3 3 2 1 1 1 1 1 1 1 2 5 5 4 4 4 4 4 2 1 1 1 1 1 1 2 4 3 1 
3 3 3 2 2 2 2 2 2 2 2 2 2 2 2 2 2 2 2 2 2 2 2 2 2 2 3 2 2 2 2 2 2 2 2 3 3 3 3 3 2 2 2 2 2 2 2 2 2 1 1 1 1 1 1 1 1 1 1 2 4 4 4 4 4 4 4 4 3 3 3 1 0 0 0 0 0 0 0 0 0 0 0 0 0 0 0 0 0 0 0 0 0 0 0 0 0 0 0 0 0 0 0 0 0 0 0 0 0 0 0 0 0 0 1 1 1 2 2 2 2 2 2 2 2 2 2 2 2 3 3 3 3 3 3 3 3 3 3 3 3 3 2 1 1 1 1 1 1 1 2 4 4 4 4 4 4 3 2 1 1 1 1 1 1 3 4 2 1 0 
4 4 4 4 3 2 2 2 2 2 2 2 2 2 2 2 2 2 2 2 2 2 2 2 2 2 2 2 2 2 2 2 2 2 3 3 3 3 3 3 2 2 2 2 2 2 2 2 2 2 2 2 2 1 1 1 1 1 1 2 4 4 4 4 4 4 4 4 3 3 3 1 0 0 0 0 0 0 0 0 0 0 0 0 0 0 0 0 0 0 0 0 0 0 0 0 0 0 0 0 0 1 0 0 0 0 0 0 0 0 0 0 0 0 1 1 2 2 2 2 2 2 2 2 2 2 3 3 3 3 3 3 3 3 3 3 3 3 3 3 3 2 1 1 1 1 1 1 1 1 2 5 4 4 4 3 2 2 1 1 1 1 1 2 4 3 1 1 1 1 
4 4 3 3 3 3 2 2 2 2 2 2 2 2 2 2 2 2 2 2 2 2 2 2 2 2 2 2 3 2 2 2 2 3 3 3 3 3 3 3 2 2 2 2 2 2 2 2 2 1 1 2 2 2 1 1 1 1 1 2 3 3 3 3 3 4 4 4 3 3 2 0 0 0 0 0 0 0 0 0 0 0 0 0 0 0 0 0 0 0 0 0 0 0 0 0 0 0 0 0 1 1 0 0 0 0 0 1 1 1 0 0 0 0 1 2 2 2 2 2 2 2 2 2 2 2 3 3 3 2 2 2 2 3 3 2 2 2 2 2 2 1 1 1 1 1 1 1 1 1 2 4 3 2 2 1 1 1 1 1 1 1 2 2 1 1 1 1 1 1 
4 4 4 4 4 4 4 2 2 2 2 2 2 2 2 2 2 2 2 2 2 2 2 2 2 3 3 3 3 3 3 3 3 3 3 3 3 3 3 3 3 2 2 2 2 2 2 2 2 2 2 2 2 2 2 2 2 2 3 4 4 4 3 3 4 4 4 4 4 3 1 0 1 1 1 1 1 1 1 1 1 1 1 1 1 1 1 1 1 1 1 1 1 1 0 0 0 0 0 3 4 1 0 0 1 1 1 1 1 1 0 0 1 2 2 2 2 2 2 2 2 2 2 2 2 3 3 3 2 1 1 1 1 1 1 1 1 1 1 1 2 2 2 2 2 2 1 1 1 1 4 2 2 2 2 1 1 1 1 1 1 1 1 1 1 1 1 1 1 1 
4 4 4 4 4 4 3 3 2 2 2 2 2 2 2 2 3 3 3 3 3 2 2 3 3 3 3 3 3 3 3 3 3 3 3 3 3 3 3 3 3 3 2 2 2 2 2 2 2 2 2 2 2 1 2 3 3 3 4 4 4 4 3 3 4 4 4 4 4 3 1 0 1 1 1 1 1 1 1 1 1 1 1 1 1 1 1 1 1 1 1 1 1 0 0 0 0 0 4 6 4 0 0 1 1 1 1 1 1 1 1 1 2 2 2 2 2 2 2 2 2 2 2 2 2 3 3 1 1 1 1 1 1 1 1 1 1 1 1 1 1 1 1 1 1 2 3 4 3 2 1 1 1 1 1 1 1 1 1 1 1 1 1 1 1 1 1 1 1 1 
4 4 4 5 5 5 4 4 4 3 4 4 4 4 4 4 4 4 4 4 4 4 4 4 4 3 3 3 3 3 3 3 3 3 4 3 3 3 3 3 3 3 3 3 3 3 2 2 2 2 2 2 2 2 4 4 4 4 5 5 4 4 4 4 4 4 4 4 3 2 1 1 1 1 1 1 1 1 1 2 1 1 1 1 1 1 1 1 1 1 1 1 1 1 1 1 1 3 6 6 4 1 1 2 2 2 2 2 2 2 2 2 2 2 2 2 2 2 2 2 3 3 3 3 3 3 2 2 2 2 2 2 2 2 2 2 2 2 2 2 2 2 2 2 2 2 4 4 4 2 2 2 2 2 2 2 2 2 2 2 2 2 2 2 2 2 1 1 1 1 
4 4 4 4 4 4 4 4 4 3 3 4 4 3 3 3 3 3 4 3 3 4 3 3 3 3 3 3 3 3 3 3 3 3 4 3 3 3 3 3 3 3 3 3 2 2 2 2 2 2 2 2 2 3 3 4 4 4 4 4 4 4 4 4 4 4 4 3 3 2 1 1 1 1 1 1 1 1 1 1 1 1 1 1 1 1 1 1 1 1 1 1 1 1 0 0 1 5 6 6 2 1 1 1 1 1 1 1 1 2 2 2 2 2 2 2 2 2 2 2 3 3 3 3 3 2 1 1 1 1 1 1 1 1 1 1 1 1 1 1 1 1 1 2 2 3 2 2 2 2 2 2 1 1 1 1 1 2 1 1 1 2 1 1 1 1 1 1 1 1 
5 5 5 5 5 5 5 5 5 4 4 4 4 4 4 4 4 4 4 4 4 5 4 4 4 4 4 4 4 4 4 4 4 3 3 3 3 3 3 3 4 4 4 4 4 3 3 3 3 3 3 3 3 4 4 4 5 5 5 5 5 5 5 5 5 5 5 3 3 3 2 2 2 2 2 2 2 2 2 2 2 2 2 2 2 2 2 2 2 2 2 2 2 1 1 1 3 6 7 6 3 3 3 3 2 2 2 2 3 3 3 3 3 3 3 3 3 3 3 3 3 3 3 3 3 2 2 2 2 2 2 2 2 2 2 2 2 2 2 2 2 3 3 3 3 3 3 3 3 3 3 3 3 2 2 3 3 3 2 2 2 2 3 2 2 2 2 2 2 2 
4 4 4 4 4 4 4 4 4 3 3 3 3 3 3 3 4 4 4 3 4 4 4 4 4 4 3 3 3 3 3 3 3 3 3 3 3 3 3 3 3 3 3 3 3 3 2 2 2 3 3 2 3 4 3 4 4 4 4 4 4 4 4 4 4 4 4 3 2 2 2 2 1 1 1 1 1 1 1 1 1 1 1 1 1 1 1 1 1 1 1 1 1 1 1 0 4 6 6 3 2 2 2 2 1 1 1 2 2 2 2 2 2 2 2 2 2 2 3 3 3 3 3 3 2 1 1 1 1 1 1 1 1 1 1 1 2 2 3 3 3 3 3 3 2 2 2 2 2 2 2 2 2 2 2 2 2 2 2 2 1 1 1 2 1 1 1 1 1 1 
5 5 5 5 5 5 5 5 5 5 5 5 5 5 5 5 5 5 5 5 4 5 5 5 6 6 5 4 5 5 5 5 4 5 5 5 4 4 4 4 4 4 4 4 4 4 4 4 4 4 4 4 4 4 4 5 5 5 5 5 5 5 5 5 5 5 5 5 4 3 3 3 3 3 2 2 2 2 2 2 2 2 2 2 2 2 2 2 2 2 2 2 2 2 2 2 7 7 6 3 3 3 3 3 3 3 3 3 3 3 3 4 5 4 3 3 3 4 4 4 4 4 4 4 3 2 2 2 2 2 2 2 2 2 3 5 6 6 6 6 5 6 5 6 5 5 4 3 3 3 4 3 3 3 3 3 4 4 5 4 3 3 2 4 2 2 2 2 3 3 
4 4 4 4 4 4 4 4 4 4 4 3 3 3 3 3 3 3 3 3 3 3 3 3 4 4 4 3 3 4 4 4 3 3 3 3 3 3 3 3 3 3 3 3 3 3 3 3 3 3 3 3 3 3 4 4 5 4 4 4 4 4 4 4 4 4 4 4 3 2 2 3 3 2 2 1 1 1 1 1 1 1 1 1 1 1 1 1 1 1 1 1 1 1 1 2 6 6 3 2 2 2 2 2 2 2 2 2 2 2 2 3 4 2 2 2 3 3 3 3 3 3 3 3 1 1 1 1 1 1 1 1 2 4 5 5 5 5 5 5 5 5 5 5 5 5 5 4 4 4 3 2 2 2 2 2 2 5 5 5 4 4 3 3 2 2 2 3 4 4 
6 6 6 6 6 6 6 6 6 6 5 5 5 5 5 5 5 5 5 5 5 5 5 5 5 6 6 5 5 5 5 5 5 5 5 5 5 5 5 5 5 5 5 5 5 5 5 4 4 4 4 4 4 5 5 6 6 6 6 6 6 6 6 6 6 6 6 6 5 4 5 6 6 5 3 3 3 3 3 3 3 3 3 3 3 3 3 3 3 3 3 3 3 3 5 7 7 6 3 3 3 3 3 3 3 3 3 4 3 3 4 4 4 4 4 4 4 4 4 4 4 4 4 4 3 3 3 3 3 3 3 3 5 6 7 7 7 7 7 7 7 7 7 7 7 6 6 6 6 4 3 3 3 4 4 4 4 5 6 5 5 5 5 5 6 5 5 5 5 5 
4 4 4 4 4 4 4 4 4 4 4 3 4 3 3 3 3 4 4 4 4 4 3 4 3 4 4 4 4 4 4 4 4 3 3 3 3 3 3 3 3 3 3 3 3 3 3 3 3 3 3 3 3 3 3 4 4 4 4 4 4 4 4 4 4 4 4 4 4 4 4 4 4 4 2 2 1 1 1 1 1 1 2 2 2 1 1 1 1 1 1 1 1 4 6 6 6 5 2 2 2 2 2 2 2 2 2 2 2 2 2 2 2 2 2 3 3 3 3 3 3 3 3 3 1 1 1 1 1 1 1 1 4 5 5 6 5 5 5 5 6 6 6 6 5 5 5 5 3 2 2 2 2 2 2 3 4 5 5 4 4 4 4 4 5 4 4 4 4 2 
6 6 6 6 6 6 6 6 6 6 6 6 6 6 6 6 6 6 6 6 6 6 6 6 6 6 6 6 6 6 6 6 6 6 5 5 6 5 5 5 5 5 5 5 5 5 5 5 5 5 5 5 5 5 5 6 6 7 7 7 7 6 6 7 7 7 6 6 7 7 6 6 6 6 6 5 4 4 4 4 4 4 4 4 4 4 4 4 4 4 4 4 4 6 6 8 8 8 4 4 4 4 4 4 4 4 4 4 4 4 4 4 4 4 5 5 5 5 5 5 5 5 5 4 3 3 3 3 3 3 3 3 4 7 8 8 8 8 8 8 8 8 8 8 8 7 8 6 5 5 4 4 4 4 5 7 7 7 7 6 6 7 7 7 7 7 7 6 4 3 
4 4 4 4 4 4 4 4 5 4 4 4 4 4 4 4 4 4 4 4 4 4 4 4 4 4 4 4 4 4 4 4 4 4 3 3 3 3 4 3 3 3 3 3 3 3 3 3 3 3 3 3 3 3 3 3 3 4 5 5 5 5 4 4 4 4 4 4 5 5 5 5 5 4 4 4 4 2 2 3 2 2 2 2 2 2 2 2 2 2 2 2 2 2 3 4 5 5 2 2 2 2 2 2 2 2 2 2 2 2 2 2 3 3 3 3 3 3 3 3 3 3 3 2 1 1 1 1 1 1 1 1 3 5 5 6 6 6 6 5 6 6 6 6 6 5 5 4 3 3 3 2 2 2 2 4 5 5 5 5 5 5 5 5 5 5 3 2 1 1 
6 6 6 6 7 8 7 8 6 6 6 7 7 7 7 7 6 6 6 6 6 6 6 6 6 6 6 6 6 6 7 7 7 7 6 6 6 6 6 6 6 6 6 6 6 6 6 6 6 6 6 6 6 6 7 7 7 8 8 8 8 8 8 8 7 7 7 7 7 8 8 8 8 8 7 8 7 7 5 5 5 4 4 5 5 7 6 5 5 5 4 5 5 5 6 5 6 5 5 5 5 5 5 5 5 5 5 5 5 5 5 6 6 7 7 7 6 6 6 6 6 6 6 6 4 4 4 4 4 4 4 4 7 8 8 8 8 8 8 8 8 8 8 8 8 8 8 7 6 6 6 6 6 6 5 8 8 7 7 7 7 8 8 8 6 5 5 4 4 4 
4 4 4 4 4 3 5 5 4 4 4 4 4 4 4 4 4 4 4 4 4 4 4 4 4 4 4 4 4 4 4 4 4 4 4 3 3 3 3 3 3 3 3 3 3 3 3 3 3 3 3 3 3 4 5 4 4 5 5 5 5 5 5 5 5 5 5 5 5 5 5 5 5 5 5 5 5 4 2 2 1 1 1 2 2 2 3 2 2 2 2 2 2 2 2 2 2 2 2 2 2 2 2 2 2 2 2 2 2 2 3 4 4 4 4 4 3 3 3 3 2 3 3 3 2 1 1 1 1 1 1 2 5 5 5 5 5 6 5 5 5 6 5 5 5 5 5 5 3 3 3 3 3 3 3 5 4 4 5 5 5 5 4 3 2 1 1 1 1 1 
7 7 7 7 7 7 8 8 7 7 7 7 7 7 7 7 7 7 7 7 7 7 7 7 7 7 7 7 7 7 7 7 7 7 7 7 7 7 7 7 7 7 7 7 7 7 7 7 7 7 7 7 8 8 9 9 8 9 9 9 9 9 9 9 9 9 9 8 8 9 9 9 9 9 9 9 8 7 5 5 5 5 5 5 5 5 5 5 5 5 5 5 6 6 6 6 6 6 6 6 6 6 6 6 6 6 6 6 6 7 7 7 7 7 7 7 7 6 7 6 7 7 7 7 6 5 5 5 5 5 5 8 9 9 9 9 9 9 9 9 9 9 9 9 9 9 9 8 7 7 7 7 7 7 8 9 9 9 9 8 7 6 6 6 6 5 5 5 5 5 
4 4 4 4 4 4 4 4 4 4 4 4 4 4 4 4 4 4 4 4 4 4 4 4 4 4 4 4 4 4 4 4 4 4 4 4 4 4 4 4 3 3 3 3 3 3 4 4 4 4 4 4 4 5 5 5 5 5 5 5 5 5 6 6 5 5 5 5 5 5 5 5 5 4 4 5 5 4 1 1 1 1 1 1 1 1 1 1 1 1 2 2 4 2 2 2 2 2 2 2 2 2 2 2 2 2 2 2 3 4 4 3 3 3 3 3 3 3 3 3 3 3 3 2 2 2 2 2 2 2 3 5 5 5 5 5 5 4 4 4 5 5 5 5 5 5 5 5 3 3 3 4 4 4 5 5 5 5 4 3 2 2 2 2 1 1 1 1 1 1 
8 8 8 8 8 8 8 8 8 8 8 8 8 8 8 8 8 8 8 8 8 8 8 8 8 8 9 9 8 8 9 9 9 9 8 8 8 8 8 8 8 8 8 8 8 8 8 8 8 8 9 9 10 10 10 10 10 10 10 10 10 10 10 10 10 10 10 10 9 9 9 9 9 9 9 10 10 10 8 8 6 6 6 6 6 6 6 6 6 6 6 8 7 6 7 7 7 7 7 7 7 7 7 7 7 7 7 7 8 8 8 8 8 8 8 8 7 7 7 8 7 7 7 7 6 6 7 7 7 7 9 10 10 10 10 10 9 9 9 9 9 9 10 10 10 9 9 9 8 8 8 8 9 9 10 10 9 8 7 7 7 7 6 6 6 6 6 6 6 6 
4 4 4 4 4 4 4 4 4 4 4 4 4 4 4 4 4 4 4 4 4 4 4 4 4 4 4 4 4 4 4 4 4 4 4 4 4 4 4 4 4 4 4 4 4 4 4 4 4 4 4 5 5 5 5 5 5 5 5 6 6 6 6 6 5 5 5 4 4 4 4 4 4 4 4 5 5 5 4 1 1 1 1 1 1 1 1 1 1 1 3 3 2 1 1 1 1 1 2 2 2 2 2 2 2 2 2 2 3 3 4 4 4 3 3 3 3 3 3 3 2 3 4 3 2 2 2 2 3 5 6 5 5 5 5 5 4 4 4 4 4 5 5 5 4 3 3 3 3 3 4 4 4 5 4 3 3 3 3 3 2 2 1 1 1 1 1 2 2 1 
10 10 10 10 10 10 10 10 10 10 10 10 10 10 10 10 10 10 10 10 10 10 10 10 10 10 10 10 10 10 10 10 10 10 10 10 10 10 10 10 10 10 10 10 10 10 10 10 10 10 10 11 11 11 11 11 11 11 12 12 12 12 12 12 11 12 11 10 10 10 10 10 10 10 10 11 11 11 11 8 7 7 7 7 7 7 7 7 7 7 10 7 7 7 7 7 7 7 7 8 8 8 8 8 8 8 9 10 10 10 9 10 10 9 10 9 10 10 9 8 8 9 10 9 8 8 8 8 11 11 11 11 11 11 11 10 10 10 10 10 11 11 11 11 9 9 9 9 9 10 10 10 10 9 9 9 9 9 8 8 7 7 7 7 8 7 7 7 7 7 
4 4 4 5 4 4 4 4 4 4 4 4 4 4 4 4 4 4 4 4 4 4 4 4 4 4 4 4 4 4 4 4 4 4 4 4 4 4 4 4 4 4 4 4 4 4 4 4 4 5 5 5 5 5 5 5 5 5 6 6 6 6 6 6 5 5 5 4 4 4 4 4 4 4 4 4 4 5 5 2 1 1 1 1 1 1 1 1 1 3 3 1 1 1 1 1 1 1 1 2 2 2 2 2 2 2 3 4 4 4 4 4 4 4 4 4 4 4 2 2 3 4 4 3 2 2 2 2 6 6 6 6 6 6 5 4 5 5 5 4 4 4 4 3 3 3 3 4 4 4 3 3 3 3 3 3 3 2 2 1 1 1 1 1 2 2 1 1 1 2 
11 11 12 12 12 12 12 12 11 12 12 11 11 11 11 11 11 11 12 12 12 12 12 12 12 12 12 12 11 12 12 12 12 12 11 11 11 11 11 11 11 11 11 11 11 11 12 12 12 12 13 13 13 13 12 12 12 12 13 13 13 13 13 13 12 12 12 12 12 12 12 12 12 12 12 12 12 12 11 10 10 9 9 9 9 8 8 8 8 11 10 8 8 8 9 9 9 9 9 9 9 9 9 9 9 10 11 11 11 11 11 11 11 11 11 11 11 11 10 10 11 11 11 11 11 11 9 9 12 13 13 13 13 12 12 12 11 11 11 10 10 10 10 10 10 11 11 11 10 10 10 10 10 10 12 10 9 9 8 9 9 9 9 9 9 9 10 9 11 11 
4 4 5 5 4 5 5 5 4 4 4 4 4 4 4 4 4 4 4 4 4 4 4 4 4 4 4 4 4 4 4 4 4 4 4 4 4 4 4 4 4 4 4 4 4 5 5 5 5 5 5 5 5 5 5 5 5 5 6 6 6 6 6 5 4 4 4 4 4 4 4 4 4 4 4 4 4 4 3 3 3 2 1 2 2 1 1 1 1 5 2 1 1 1 1 1 2 2 2 2 2 2 2 2 2 2 2 2 3 3 4 4 4 4 4 4 4 4 4 4 4 4 4 4 4 4 2 2 3 6 5 5 5 4 4 4 3 3 3 3 3 3 3 3 3 3 3 3 3 3 3 3 4 4 3 2 1 1 1 2 2 2 2 2 2 3 4 4 4 4 
13 13 14 14 14 14 14 14 13 13 13 13 13 14 14 13 13 13 13 13 13 13 13 13 13 13 13 13 13 13 13 13 13 13 13 13 13 13 13 13 13 13 13 13 14 14 14 14 14 14 14 14 14 14 14 14 14 14 14 14 15 15 14 14 13 13 13 13 13 13 13 13 13 13 13 13 13 13 13 12 12 11 11 11 11 11 11 11 10 15 12 10 10 10 11 10 10 10 11 11 11 11 11 11 11 11 11 11 12 12 13 13 12 11 11 13 13 13 13 13 13 13 13 13 13 13 12 11 14 14 14 14 13 13 12 12 12 12 12 12 12 12 12 12 12 12 12 12 12 12 12 12 12 13 10 10 10 10 11 11 11 11 11 11 11 12 13 13 13 13 
4 4 5 5 5 5 5 5 4 4 4 4 5 5 5 5 5 4 4 4 4 4 4 4 4 4 4 4 4 5 4 4 5 5 5 4 4 4 4 4 4 4 5 5 5 5 5 5 5 5 5 5 5 5 5 5 5 5 5 5 5 5 5 4 4 4 4 4 4 4 4 4 4 4 4 4 4 4 4 4 3 3 3 3 3 2 2 2 5 6 2 2 2 2 2 2 2 2 2 2 2 2 2 2 2 2 2 3 3 4 3 2 1 1 1 3 4 4 4 4 4 4 4 4 3 3 4 4 5 5 5 5 3 4 4 3 3 3 3 3 3 3 3 3 3 3 3 3 3 3 3 3 2 2 1 1 1 2 2 2 2 2 2 2 3 3 4 4 4 4 
15 15 16 16 16 16 16 16 15 15 15 15 16 16 16 16 16 15 15 15 15 15 15 15 15 15 15 15 15 15 15 15 15 15 15 15 15 15 15 15 16 16 16 16 16 16 16 16 16 16 16 16 16 16 16 16 16 16 16 16 16 15 15 15 15 15 15 15 15 15 15 15 15 15 15 15 15 15 15 15 14 14 14 14 14 13 13 16 16 15 13 13 13 13 13 12 12 12 13 13 13 13 13 13 13 13 14 14 14 15 13 12 12 12 12 14 15 15 15 15 15 15 15 14 12 12 15 16 16 16 16 14 14 14 15 14 14 14 14 14 14 14 14 14 14 14 14 14 14 14 14 13 12 12 12 12 12 12 12 12 12 12 14 14 14 14 14 15 15 15 
4 4 5 5 5 5 5 5 4 4 4 4 4 5 5 5 5 5 4 4 4 4 4 4 4 4 4 4 4 4 4 5 5 5 5 5 5 5 5 5 5 5 5 5 5 5 5 5 6 5 5 5 5 5 5 5 5 5 5 5 5 5 4 4 4 4 4 4 4 4 4 4 4 4 4 4 4 4 4 4 4 3 3 2 4 5 5 5 5 2 2 2 2 2 2 2 2 2 2 2 2 2 2 2 2 3 4 4 4 4 2 1 1 1 3 4 3 3 3 3 4 3 4 2 2 2 4 6 6 6 5 2 3 3 4 3 3 3 3 3 3 3 3 3 3 3 3 3 3 3 3 2 1 1 1 2 2 2 2 2 2 2 3 4 4 3 3 4 4 4 
17 17 18 18 18 18 18 18 17 17 17 17 17 17 17 17 18 18 17 17 17 17 17 17 17 17 17 17 17 17 17 17 17 17 17 17 17 17 17 18 18 18 18 18 18 18 18 18 18 18 18 18 18 18 18 18 18 18 18 18 17 17 17 17 17 17 17 17 17 17 17 17 17 17 17 17 17 17 17 17 16 16 16 17 18 18 18 18 16 15 15 15 15 15 15 15 15 15 15 15 16 16 15 15 16 17 17 17 17 17 17 16 16 17 17 14 14 14 14 15 14 15 18 18 18 18 18 18 18 19 19 17 16 16 16 16 16 16 16 16 16 16 16 16 16 16 16 16 16 16 15 14 14 14 14 15 15 15 15 15 15 15 15 16 17 16 16 17 17 17 
5 5 5 5 5 5 5 5 4 4 4 4 4 4 4 4 5 5 4 4 4 5 5 5 5 5 4 4 4 4 4 5 5 5 5 5 5 5 5 5 5 5 5 5 5 5 5 5 5 5 5 5 5 5 5 6 5 5 5 5 5 5 4 4 4 4 4 4 4 4 4 4 4 4 4 4 4 4 4 4 4 4 5 5 5 5 5 4 2 2 2 2 2 2 2 2 2 2 3 3 3 2 1 3 4 4 4 4 4 4 4 4 4 4 4 3 1 1 1 1 2 5 6 6 6 6 5 5 6 6 6 5 5 5 4 3 3 3 3 3 3 3 3 3 3 3 3 3 3 3 2 1 1 1 1 2 2 2 2 2 2 2 2 4 4 4 4 4 4 4 
20 20 20 20 20 20 20 20 20 20 20 20 20 20 20 20 19 20 20 20 20 20 20 20 20 20 20 20 20 20 20 21 20 20 20 20 20 20 20 20 20 20 20 20 20 20 20 20 20 20 20 20 20 20 21 21 21 20 20 20 20 20 20 20 19 19 19 19 19 19 19 19 19 19 19 19 19 19 19 19 20 20 20 20 20 20 19 17 17 17 17 17 17 17 17 17 17 18 18 18 17 17 17 17 19 19 18 17 17 18 19 19 19 19 19 17 16 16 16 18 21 21 21 21 21 21 21 21 21 20 20 20 20 20 19 18 18 18 18 18 18 18 18 18 18 18 18 18 18 18 19 16 16 16 17 17 17 17 17 18 18 18 18 18 19 19 19 19 19 19 
4 5 5 5 5 5 5 5 4 4 4 4 4 4 4 4 4 4 4 4 5 5 5 5 5 5 4 4 4 4 5 5 5 5 5 5 5 5 5 5 5 5 5 5 5 5 5 5 5 5 5 5 5 5 5 6 6 6 6 5 5 5 4 5 5 4 4 4 4 5 4 4 4 4 4 4 4 4 3 4 5 5 5 5 5 4 2 2 2 2 3 2 2 2 2 2 2 3 3 3 2 1 2 2 3 3 2 1 2 3 4 4 4 3 2 1 1 2 3 6 6 6 6 6 6 6 6 5 4 3 4 5 6 6 3 3 3 3 3 3 3 3 3 3 3 3 3 3 3 3 5 3 3 2 2 2 3 4 5 5 4 4 4 5 5 5 4 4 4 4 
22 23 23 23 22 22 22 22 22 22 22 22 22 22 22 22 22 22 22 22 22 22 22 22 22 22 22 22 22 22 23 23 22 22 22 22 22 22 22 22 22 23 23 23 23 23 23 23 23 23 23 23 23 23 23 23 23 23 23 23 22 22 22 22 22 22 22 22 22 22 21 22 22 22 22 21 21 21 21 22 23 23 23 23 21 20 20 20 19 20 20 20 20 20 20 20 20 21 21 20 19 19 19 19 19 19 19 19 21 22 22 22 22 20 19 19 20 21 22 23 23 24 24 24 24 24 23 21 21 21 21 23 23 23 21 21 21 21 21 21 21 21 21 21 21 22 23 23 23 23 23 23 22 19 19 20 23 22 22 22 22 22 22 22 22 22 22 22 22 22 
5 5 5 5 5 5 4 4 5 5 5 5 5 5 5 5 5 5 5 4 5 4 5 5 5 5 4 4 5 5 5 5 5 5 5 5 5 5 5 5 5 5 5 5 5 5 5 5 5 5 5 5 5 5 5 5 5 5 5 5 5 5 5 4 4 4 4 4 4 4 4 4 4 4 4 4 4 4 5 5 5 5 5 4 3 3 3 2 2 2 3 3 3 2 2 2 3 3 4 4 2 2 2 2 2 2 2 3 4 4 4 4 4 4 3 3 4 4 4 6 6 6 6 6 6 6 3 3 3 3 4 6 6 6 5 3 3 3 3 3 3 3 4 5 6 6 6 6 6 6 6 5 5 5 4 5 5 5 5 5 5 5 5 5 5 5 4 4 4 4 
25 26 26 25 25 24 25 25 25 25 25 25 25 25 25 25 25 25 25 25 25 25 25 25 25 25 25 25 25 25 25 25 25 25 25 25 25 25 25 25 25 25 26 26 26 26 26 26 26 26 26 26 26 26 26 25 25 25 25 25 25 25 25 25 25 25 25 25 25 25 25 25 25 25 25 25 24 25 26 26 26 26 26 25 24 23 23 23 23 23 23 23 23 23 23 23 24 23 24 24 23 23 23 24 24 23 24 24 24 24 24 24 24 24 24 24 24 24 24 25 26 26 26 26 26 25 24 23 23 23 25 26 26 26 26 25 24 24 24 24 24 24 26 26 26 26 26 26 26 26 26 26 26 26 26 26 26 26 26 26 26 26 25 25 25 25 25 25 25 25 
5 5 5 4 4 3 3 4 5 5 4 5 5 5 5 5 5 5 5 5 5 5 5 5 5 5 4 4 5 5 5 5 5 5 5 5 5 5 5 5 5 5 5 5 5 5 5 5 5 5 5 6 6 6 5 5 5 5 5 5 5 5 5 5 5 5 5 5 4 4 4 4 4 4 4 4 4 6 6 6 5 5 4 4 4 3 3 3 3 3 3 3 3 3 3 3 4 3 3 2 2 3 3 3 4 4 3 3 3 4 3 3 3 4 4 4 3 3 3 5 6 6 6 6 6 5 3 3 3 3 5 6 6 5 4 3 3 3 3 3 3 3 5 6 6 6 5 5 5 5 5 5 5 5 5 5 5 5 5 5 5 5 5 5 4 4 4 5 4 2 
29 29 29 27 27 27 27 27 27 28 29 28 28 28 28 28 28 28 28 28 28 28 28 28 28 28 28 28 28 29 29 29 28 28 29 29 29 29 29 29 28 28 28 29 29 29 29 29 29 28 28 28 28 29 29 28 28 28 28 28 28 28 28 28 28 29 29 28 28 28 28 28 28 28 28 28 28 29 29 29 29 28 27 27 27 27 27 27 27 27 27 27 27 26 26 27 27 26 27 26 26 27 27 28 28 28 28 28 28 28 28 28 28 27 27 27 28 28 28 29 30 29 29 28 27 27 27 27 27 28 29 29 29 28 29 29 29 28 27 27 27 27 29 29 29 29 29 29 29 29 29 29 29 29 29 29 29 29 29 29 29 29 29 29 28 29 29 29 28 27 
5 5 5 4 4 3 3 3 3 4 4 5 5 5 5 5 5 5 5 5 5 5 5 5 5 5 5 4 5 5 5 5 5 5 5 5 5 5 5 5 5 5 5 5 5 5 5 5 5 5 5 5 5 5 5 5 5 5 5 5 5 5 5 5 5 4 5 5 4 4 4 4 4 4 4 4 4 5 6 6 4 4 4 4 4 4 4 4 3 3 4 3 3 3 3 3 3 3 3 3 3 4 4 4 4 4 4 4 4 4 4 4 4 3 4 4 4 4 4 5 6 6 5 4 3 3 3 3 3 4 5 5 5 5 5 5 5 5 5 4 4 5 6 6 6 6 6 6 6 6 6 6 6 5 5 5 5 5 5 5 6 6 6 6 6 6 6 6 5 5 
32 32 32 31 31 31 30 30 30 30 30 31 32 32 32 32 32 32 32 32 32 32 32 32 32 32 32 31 32 32 32 32 32 32 32 32 32 32 32 32 32 32 32 32 32 32 32 32 32 32 32 32 32 32 32 32 32 31 32 32 32 32 32 32 32 32 32 31 31 31 31 31 31 31 31 31 31 32 32 32 31 31 30 30 31 30 31 31 31 31 31 31 31 30 30 30 30 30 30 30 31 31 31 31 31 31 31 31 31 31 30 30 30 30 31 31 31 31 30 32 33 33 32 30 30 30 30 30 30 32 32 32 32 32 32 32 32 32 32 32 32 32 32 32 32 32 32 32 32 32 32 32 32 32 32 30 32 32 32 32 32 32 32 32 32 32 32 32 32 32 
5 5 5 4 5 5 5 4 4 3 3 4 5 5 4 4 5 5 5 5 5 5 5 5 5 5 5 5 5 5 5 5 5 5 5 5 5 5 5 5 5 5 5 5 5 5 5 5 5 5 5 5 5 5 5 5 5 5 5 5 5 5 5 5 5 5 5 5 5 5 5 5 4 4 4 4 5 6 6 5 4 4 4 4 4 4 4 4 4 4 4 4 4 4 3 3 3 3 3 4 4 4 4 4 4 4 4 4 3 3 4 3 3 3 3 4 4 3 3 5 6 6 6 5 3 3 3 3 5 5 5 5 5 5 5 5 5 5 5 5 5 5 5 5 5 5 5 5 5 5 5 5 5 5 5 4 5 5 6 6 6 6 6 6 6 6 6 5 6 5 
36 36 35 35 35 35 35 35 35 34 34 34 35 35 35 35 35 35 35 35 36 36 36 36 35 35 35 35 36 36 36 36 36 36 36 35 35 35 36 36 36 36 36 36 36 36 36 36 36 36 35 35 35 35 35 36 35 36 36 36 36 36 36 36 36 35 35 35 35 35 35 35 35 35 35 36 36 36 35 34 34 34 34 34 35 34 35 35 35 35 35 35 35 34 34 34 34 34 34 35 34 34 34 35 35 35 34 34 34 34 34 34 34 34 34 34 34 34 34 36 36 36 36 36 35 34 34 35 36 36 36 36 36 36 36 36 36 35 35 36 36 36 36 36 36 36 36 36 35 35 35 36 36 36 35 36 36 36 36 36 36 36 35 35 34 34 33 34 35 35 
5 5 4 4 4 4 4 4 4 5 4 4 4 4 4 5 5 5 4 4 5 5 5 5 5 5 5 5 5 5 5 5 5 5 5 5 5 5 5 5 5 5 5 5 5 5 5 5 5 5 5 5 5 5 5 5 5 5 5 6 5 5 5 5 5 5 5 5 5 5 5 4 4 5 5 6 6 4 3 4 4 4 4 4 4 4 4 4 5 5 4 4 4 4 4 3 3 4 4 3 3 3 4 4 4 4 3 3 3 3 3 3 3 3 3 3 3 4 5 5 6 5 5 5 5 3 4 6 6 6 6 6 6 6 6 6 5 5 5 5 5 5 5 5 5 5 6 6 5 5 5 5 5 5 5 5 5 5 5 5 4 3 4 3 2 2 2 4 4 4 
40 39 39 39 39 38 38 38 38 38 39 38 38 39 39 39 39 39 39 39 39 39 39 39 39 39 39 40 40 40 39 39 40 40 40 40 39 39 39 40 40 39 40 40 40 39 40 40 40 40 40 40 40 40 40 40 40 40 40 40 40 40 40 40 40 40 40 40 40 39 39 39 39 40 40 40 40 38 38 38 38 39 38 39 39 38 39 39 39 39 39 38 38 38 38 38 38 38 38 38 38 38 39 39 39 38 38 38 38 38 38 38 38 38 38 38 38 39 40 40 40 40 40 40 40 38 40 40 40 40 40 40 40 40 40 40 40 40 40 40 40 40 40 40 40 40 40 40 40 40 40 40 40 40 40 40 40 40 40 40 40 40 40 40 39 38 39 39 39 39 
5 4 4 4 4 4 4 4 4 4 4 4 4 4 4 4 4 4 4 4 4 4 5 5 5 4 5 5 5 5 5 5 5 5 5 5 5 5 5 5 4 5 5 5 5 5 4 5 5 5 5 5 5 5 5 5 5 5 6 6 6 6 6 6 6 6 5 5 5 4 4 4 4 5 6 6 5 3 3 3 3 3 4 4 4 4 3 4 4 4 4 4 3 4 3 3 3 3 3 3 3 3 3 3 3 3 3 3 3 4 4 5 3 3 3 4 4 5 5 5 5 5 6 5 5 3 6 6 6 6 5 5 5 5 5 5 5 5 5 5 5 4 4 4 5 5 5 4 5 5 5 5 5 5 5 5 4 4 5 5 5 5 5 5 5 5 5 5 5 5 
44 42 42 43 43 43 43 43 43 43 43 43 43 43 43 43 43 43 43 43 43 43 43 43 44 43 44 44 44 44 43 43 43 43 43 43 44 44 44 44 44 44 44 44 44 44 43 44 44 44 44 44 44 44 44 44 44 45 45 45 45 45 45 45 45 44 44 43 43 43 43 43 44 45 45 45 43 41 41 42 42 42 42 42 42 42 42 42 43 43 43 43 43 42 42 42 42 42 42 42 42 42 42 42 42 42 42 42 42 42 43 42 42 42 43 43 44 44 44 44 45 45 45 45 43 42 44 44 44 45 44 44 44 44 44 44 44 44 44 44 44 44 44 44 44 44 44 44 44 44 44 44 44 44 44 44 43 43 44 44 44 44 44 44 44 44 44 44 44 44 
4 3 3 3 4 4 4 4 4 4 4 4 4 4 4 4 4 4 4 4 4 4 4 4 4 4 5 5 5 5 4 4 4 4 4 4 4 5 5 5 5 5 5 5 5 5 5 5 5 5 5 5 5 5 5 5 6 6 6 6 6 6 6 6 6 5 5 5 4 4 4 4 5 6 6 5 2 2 2 2 2 2 2 2 2 2 3 3 3 4 4 4 3 3 3 3 3 3 3 3 3 3 3 3 3 3 3 3 3 3 3 3 3 4 4 5 5 5 6 6 6 6 6 5 5 3 5 5 5 6 5 5 5 5 5 5 5 5 5 5 5 5 5 5 5 5 5 5 5 5 6 6 6 5 5 6 5 5 5 5 5 5 5 5 5 5 5 5 5 5 
47 47 47 46 47 48 48 48 48 48 48 48 48 48 48 48 48 48 47 47 47 47 47 47 47 47 47 47 48 48 48 48 48 48 48 48 47 48 49 49 49 49 49 49 49 49 49 49 49 49 49 49 49 49 49 49 49 49 49 49 50 50 50 50 49 49 49 48 48 47 47 48 49 49 49 47 46 46 46 46 46 46 46 46 46 46 47 47 47 47 46 47 47 47 46 47 47 47 47 47 47 47 47 47 47 47 47 47 47 47 47 47 47 48 49 49 49 49 49 49 49 49 49 48 48 48 48 48 49 49 49 49 49 49 49 49 49 49 49 49 49 49 49 48 48 48 48 49 50 50 50 49 49 49 49 49 49 49 49 48 48 48 49 49 49 49 49 49 49 48 
3 3 3 3 3 3 5 5 4 4 4 4 4 4 4 4 4 4 4 4 4 4 4 4 4 4 4 4 5 5 4 4 4 4 4 4 4 5 5 5 5 5 5 5 5 6 5 5 5 5 5 5 6 6 5 6 6 6 6 6 6 6 6 6 6 6 5 5 5 4 3 5 6 5 3 2 2 2 2 2 4 2 2 2 2 2 2 2 2 2 3 3 3 2 2 3 2 3 3 4 4 4 4 4 3 3 3 3 3 3 3 4 4 5 5 5 5 5 5 5 5 5 5 5 4 4 5 5 5 5 5 5 5 5 5 5 5 5 5 5 5 5 5 5 5 5 5 7 6 6 6 6 5 6 6 5 5 6 5 5 5 5 5 5 5 5 5 5 6 5 
52 52 52 52 52 52 52 53 55 54 53 53 53 53 53 53 53 53 53 53 53 52 52 52 52 52 52 52 54 53 53 53 53 52 53 52 53 54 54 53 53 54 54 54 54 54 54 54 54 54 54 55 55 55 55 54 55 55 55 55 55 55 55 55 55 54 54 54 53 53 53 55 54 52 51 51 51 51 51 51 52 53 51 51 51 51 51 51 51 52 52 52 51 51 51 52 52 52 52 53 53 53 53 53 53 52 52 52 52 52 52 52 52 53 54 54 54 54 54 54 54 54 54 54 54 54 54 54 54 54 54 54 53 53 54 54 54 54 54 54 54 54 54 54 54 54 54 54 54 54 54 54 54 54 54 54 54 54 54 54 54 54 54 54 55 54 54 54 54 54 
2 2 3 3 3 3 3 3 6 6 4 4 4 4 4 4 4 4 4 4 4 4 4 4 4 4 4 4 5 4 4 4 4 4 4 4 5 5 5 5 5 5 5 5 5 5 5 5 5 5 6 6 6 6 6 6 6 6 6 6 6 6 6 6 6 6 6 5 5 6 6 6 6 6 4 3 3 2 2 2 2 2 2 2 2 2 2 3 4 4 4 3 3 4 4 4 4 4 4 4 4 4 4 4 4 4 4 3 3 3 3 4 4 4 6 6 6 5 5 5 5 5 5 5 5 5 5 5 5 5 5 5 5 5 5 5 5 5 5 5 5 5 5 5 5 5 6 6 6 6 6 6 6 6 6 6 6 6 6 6 6 5 6 6 6 6 6 6 5 5 
56 56 57 57 57 57 57 57 57 57 58 58 58 57 58 58 58 58 58 58 59 58 58 59 58 58 58 58 60 58 58 59 59 59 59 58 59 59 59 59 59 59 59 59 59 59 59 59 59 60 60 60 60 60 60 60 60 60 60 60 60 60 60 60 60 60 60 60 60 60 60 60 60 60 60 57 58 57 57 57 57 57 57 57 56 57 58 57 58 58 58 58 58 58 58 58 58 58 58 59 59 59 59 59 58 58 58 58 58 58 58 58 58 60 59 59 60 59 59 59 59 59 59 59 59 59 59 59 59 59 59 59 59 59 59 59 59 59 59 59 59 59 59 60 60 60 60 60 60 60 60 60 60 60 60 60 60 60 60 60 60 60 60 60 60 60 60 60 59 59 
2 2 2 3 3 3 3 3 3 3 3 3 4 3 3 4 4 4 4 4 4 4 4 4 4 4 4 4 6 4 4 4 4 5 5 5 5 5 5 5 5 5 5 5 5 5 5 5 6 6 6 6 6 6 6 6 6 6 6 5 6 6 6 6 6 6 6 6 6 6 6 6 6 6 5 3 3 3 3 3 3 2 2 2 3 4 4 4 4 4 4 4 4 4 4 3 4 4 4 5 5 5 5 5 4 5 4 4 4 4 5 4 5 5 5 5 5 5 5 5 5 5 5 5 5 5 5 5 5 5 5 5 5 5 5 5 5 5 5 5 5 5 5 6 6 6 6 6 6 6 6 6 6 6 6 6 6 6 6 6 6 6 6 6 6 6 5 5 5 5 
62 62 62 62 62 63 63 63 63 63 63 63 63 63 63 63 63 64 64 64 64 64 64 64 65 64 64 64 66 64 64 64 64 65 65 65 65 65 65 65 65 65 65 65 65 65 65 65 65 66 66 65 65 65 66 66 66 66 65 65 66 65 66 66 66 65 65 66 66 66 66 66 66 66 64 63 63 63 63 63 63 63 63 62 62 63 63 64 64 64 64 64 64 64 63 63 64 64 65 65 65 64 64 64 65 64 65 64 64 64 64 64 65 65 65 65 65 65 65 65 65 65 65 65 65 65 65 65 65 65 65 65 65 65 65 65 65 65 65 65 65 65 66 66 66 66 66 66 66 66 66 66 66 66 66 66 66 66 66 66 66 66 66 66 65 65 65 65 65 65 
2 2 2 2 2 2 2 3 3 3 3 3 3 3 4 3 3 3 4 4 4 4 4 5 4 4 4 5 6 4 4 4 5 5 5 5 5 5 5 5 5 5 5 5 5 5 5 5 5 6 5 5 5 5 5 5 5 5 5 5 5 5 5 5 6 6 6 6 6 6 6 6 6 5 3 2 2 3 3 3 3 3 3 3 3 3 4 4 4 4 4 4 4 4 3 3 4 4 4 5 5 4 4 4 5 5 5 5 5 4 4 4 5 5 5 5 5 5 5 5 5 5 5 5 5 5 5 5 5 5 5 5 5 5 5 5 5 4 5 5 5 5 6 6 6 6 6 6 6 6 6 6 6 6 6 6 6 6 6 6 6 6 6 6 6 5 5 5 5 5 
70 69 69 69 69 69 69 69 69 69 69 69 68 69 69 69 70 70 70 70 70 70 71 71 70 70 71 71 72 71 71 71 71 71 71 71 71 71 71 71 71 71 72 72 71 71 72 71 72 72 71 72 72 72 71 71 72 72 71 71 71 71 72 72 72 72 72 72 72 72 72 72 71 70 69 69 69 69 69 70 69 69 69 70 70 70 70 70 70 70 70 70 70 70 70 70 71 71 71 71 71 71 71 71 71 71 71 71 71 70 70 71 71 72 72 71 71 71 71 71 71 71 71 71 71 71 71 71 71 70 71 71 71 71 71 71 71 71 71 71 71 72 72 72 72 72 72 72 72 72 72 72 72 72 72 72 72 72 72 72 72 72 72 72 71 71 71 71 70 70 
4 4 4 2 3 1 2 2 2 3 3 3 2 2 3 3 4 3 3 4 4 4 5 4 4 4 5 5 6 5 5 5 5 5 5 5 5 5 5 5 5 5 5 5 5 5 6 5 5 5 5 5 5 5 5 5 5 5 5 5 5 4 5 6 6 6 6 6 6 6 6 6 6 3 3 3 3 3 3 4 4 3 3 3 3 3 3 4 3 3 4 4 4 4 4 4 5 5 5 5 5 5 5 5 5 5 4 3 4 4 4 5 5 5 5 5 5 5 5 5 5 5 5 5 5 5 5 5 4 4 5 5 5 5 5 5 5 5 5 5 6 6 6 6 6 6 6 6 6 6 6 6 6 6 6 6 6 6 6 6 6 6 6 5 5 5 4 4 4 3 
77 77 77 76 74 74 74 74 74 75 75 76 76 76 76 76 76 77 77 77 77 77 77 77 77 77 78 78 78 78 78 78 78 78 78 78 78 78 78 78 78 78 78 78 78 78 78 78 78 78 78 78 77 77 78 78 78 78 78 77 77 77 78 79 79 79 79 79 79 79 79 78 77 75 75 75 76 76 76 77 77 76 76 76 76 76 76 77 77 77 77 77 77 77 77 77 77 78 79 79 78 78 77 77 77 78 78 78 77 76 78 78 78 78 78 78 78 78 78 78 78 78 78 78 78 78 77 78 77 77 78 78 78 78 78 78 78 78 78 78 79 79 79 79 79 79 79 79 79 79 79 78 79 79 79 79 79 79 79 79 79 79 78 77 77 77 77 77 77 76 
4 4 4 4 2 2 2 2 2 2 2 2 2 3 3 3 3 4 4 4 4 4 4 4 4 4 5 6 5 5 5 5 5 5 4 5 5 5 5 5 5 5 5 5 5 5 5 5 5 5 5 5 4 4 5 5 5 5 5 4 4 4 5 6 6 6 6 6 6 6 6 5 3 4 4 4 4 4 4 4 4 4 4 4 4 4 4 4 4 4 4 4 4 5 5 5 5 6 6 6 6 5 5 4 5 5 6 5 5 4 5 5 5 5 5 5 5 5 5 5 5 5 5 5 5 5 5 5 5 5 5 5 5 5 5 5 6 6 5 5 6 6 6 6 6 6 6 6 6 6 6 6 6 6 6 6 6 6 6 6 6 5 4 4 4 4 4 4 3 3 
84 84 84 84 83 82 82 82 82 82 82 83 83 83 84 83 83 84 84 84 84 84 84 84 84 84 85 86 85 85 85 85 84 83 82 82 82 82 84 85 85 85 85 85 85 85 85 86 85 85 85 84 84 84 85 85 85 85 85 86 86 86 86 86 86 86 86 86 86 86 86 83 83 83 83 84 84 83 84 84 84 84 84 84 84 84 84 84 84 84 84 85 85 85 85 85 86 86 86 86 86 86 86 86 85 86 86 85 85 85 85 85 85 85 85 85 85 85 85 85 85 85 85 85 85 85 85 85 85 85 85 85 85 85 86 86 86 86 86 86 86 86 86 86 86 86 86 86 86 86 86 86 86 86 86 86 86 86 86 85 85 84 85 85 84 84 84 83 83 83 
2 2 2 2 2 3 3 2 2 2 2 2 3 3 2 3 3 4 4 4 4 4 4 5 5 4 5 6 5 5 4 2 2 2 1 1 1 1 3 5 5 5 5 5 5 6 5 6 5 4 5 5 4 5 5 6 6 6 6 6 6 6 6 6 6 6 6 6 6 6 6 5 4 4 4 3 4 4 4 4 4 4 4 4 4 5 4 4 4 4 4 5 5 5 5 5 6 6 6 6 6 6 5 5 5 5 5 5 5 5 5 5 5 5 5 5 5 5 5 5 5 5 5 5 5 4 5 5 5 5 5 5 5 5 6 6 6 6 6 6 6 6 6 6 6 6 6 6 6 6 6 6 6 6 6 6 6 5 4 5 5 5 5 4 4 3 3 3 3 3 
89 89 89 89 89 89 89 89 89 89 89 89 89 90 90 91 90 90 91 91 92 92 92 93 93 92 93 94 92 92 90 89 89 88 88 88 88 88 89 90 93 93 93 92 92 93 93 93 92 92 92 92 92 93 93 93 93 93 93 93 94 94 94 94 94 94 93 93 93 93 93 93 93 92 91 91 91 91 91 91 91 91 91 91 91 92 92 92 92 92 92 92 92 92 92 92 93 93 93 93 93 93 93 93 93 93 93 93 93 93 93 93 93 93 93 93 93 92 92 92 92 92 92 92 92 92 92 92 92 92 92 93 93 93 94 94 94 94 94 94 94 94 94 93 93 93 93 93 93 93 93 93 93 93 93 93 93 93 93 93 93 93 91 91 90 90 90 90 90 90 
2 2 2 2 2 2 1 3 2 1 1 2 2 3 3 3 4 4 3 2 2 2 4 5 5 5 6 6 4 2 1 2 0 0 0 0 0 1 1 1 3 5 5 5 5 5 5 6 5 4 4 4 4 6 6 6 6 6 6 6 6 6 6 6 6 6 6 6 6 6 6 5 5 4 4 4 4 4 4 4 4 4 4 4 4 4 4 4 4 4 4 4 5 5 5 5 5 5 5 5 5 5 5 5 6 6 6 6 6 6 5 5 5 5 5 5 5 5 5 5 4 4 4 4 4 5 5 5 5 5 5 6 6 6 6 6 6 6 6 6 6 6 6 6 6 6 6 6 6 5 6 6 6 6 6 6 6 6 6 6 5 4 3 3 3 3 3 3 3 3 
99 99 100 99 99 100 98 97 99 97 98 98 97 98 98 100 99 100 100 100 100 100 101 101 101 101 101 101 100 97 96 97 95 96 96 96 97 97 97 98 101 101 101 100 100 100 100 101 100 100 100 101 102 102 102 101 101 102 101 102 101 101 102 102 102 102 102 101 101 101 101 101 101 99 99 99 100 100 100 100 100 100 100 100 100 100 100 100 100 100 100 100 100 101 100 101 101 101 101 101 101 101 101 101 101 101 102 102 101 101 101 101 101 100 99 99 99 101 100 100 100 100 100 100 100 101 101 100 101 101 102 102 101 101 101 101 101 101 101 100 100 101 101 101 101 101 100 100 100 99 100 100 100 100 101 101 101 101 101 100 99 98 98 98 98 98 98 98 98 98 
3 4 5 4 4 5 3 4 4 4 2 6 3 4 4 4 5 4 5 5 5 6 5 6 6 6 6 6 5 1 1 2 0 0 0 0 1 1 2 5 5 5 5 5 5 5 5 6 5 5 6 6 6 6 6 6 6 6 6 6 6 6 6 6 6 6 6 6 6 6 5 5 5 3 4 4 4 4 5 5 5 5 5 5 4 5 5 5 5 5 5 5 5 5 5 5 5 5 5 5 5 5 5 5 6 6 6 6 6 6 6 5 4 3 3 3 4 5 4 5 5 5 5 5 5 5 6 5 5 5 5 5 5 5 4 4 4 4 4 4 4 4 5 5 4 4 4 4 4 4 4 4 4 4 4 4 5 5 4 4 3 2 2 2 2 3 3 3 3 3 
110 110 110 110 110 110 110 110 110 110 109 110 110 110 110 110 110 110 110 110 110 110 110 110 110 110 110 110 108 105 105 105 105 104 104 104 104 105 107 109 109 109 110 110 110 109 110 110 109 109 110 110 110 110 110 110 110 110 110 110 110 110 110 110 110 110 110 110 110 110 110 109 109 108 108 108 108 109 109 109 109 109 109 109 109 109 109 109 109 109 109 109 109 109 109 109 109 109 109 109 109 109 108 108 108 108 109 110 110 109 110 108 107 107 107 108 108 108 108 108 109 109 109 109 109 109 109 109 109 109 108 108 108 108 108 108 108 108 109 108 108 108 108 108 108 108 108 108 108 108 108 108 108 108 108 108 108 109 108 108 108 107 106 106 107 107 107 107 107 108 
6 6 6 6 6 6 6 6 6 6 6 6 6 6 6 6 6 6 6 6 6 6 6 6 6 6 6 6 3 2 1 1 1 0 1 1 1 1 3 6 6 6 6 6 6 6 6 6 5 6 6 6 6 6 6 6 6 6 6 6 6 6 6 6 6 6 6 6 6 6 6 5 4 4 4 4 4 5 5 5 5 5 5 5 5 5 5 5 5 5 5 5 5 5 5 5 5 5 5 6 6 4 4 4 4 4 4 4 4 4 4 3 3 4 4 5 5 5 5 5 5 5 5 4 4 4 4 4 4 4 4 4 4 4 4 4 4 4 4 4 4 4 4 4 4 4 4 4 4 4 4 4 4 4 4 4 4 4 4 4 4 3 2 3 3 3 3 3 5 6 
119 119 119 119 119 119 119 119 119 119 119 119 119 119 119 119 119 119 119 119 119 119 119 119 119 119 119 119 119 119 118 116 114 114 116 116 113 113 114 117 119 119 119 119 119 119 119 119 119 119 119 119 119 119 119 119 119 118 119 119 119 119 119 119 119 119 119 119 119 118 118 118 117 117 117 117 117 118 118 118 118 117 117 118 118 118 118 118 118 118 118 118 118 118 118 118 118 118 118 118 118 117 117 117 117 117 117 117 117 117 117 117 117 117 117 118 118 118 118 118 118 118 117 117 117 117 117 117 117 117 117 117 117 117 117 117 117 117 116 116 115 115 115 115 116 116 117 117 117 117 117 117 117 117 117 117 117 117 117 117 116 116 116 116 116 118 118 118 118 118 
6 6 6 6 6 6 6 6 6 6 6 6 6 6 6 6 6 6 6 6 6 6 6 6 6 6 6 6 6 6 6 6 5 4 6 6 1 1 1 1 5 6 6 6 6 6 6 6 6 6 6 6 6 6 6 6 6 5 6 6 6 6 6 6 6 6 6 6 6 6 6 5 5 5 5 5 5 5 5 5 5 5 5 5 5 5 5 5 5 5 5 5 5 5 4 4 4 4 4 5 4 4 4 4 5 5 5 5 5 5 4 4 4 4 4 4 4 4 4 5 5 4 4 4 4 4 4 4 4 4 4 4 4 3 4 3 3 2 2 3 3 3 3 3 3 2 3 3 3 3 4 4 4 4 4 4 4 4 4 4 3 3 3 3 4 5 5 5 5 6 
128 128 128 128 128 129 129 129 129 129 129 129 129 129 129 128 129 129 129 129 129 129 129 129 129 129 129 129 129 129 129 129 129 129 129 129 124 124 125 127 127 128 129 129 129 129 129 129 129 129 129 128 128 128 128 129 128 128 128 128 128 128 128 128 128 128 128 128 128 128 128 128 127 127 127 127 127 127 127 127 127 127 127 127 127 127 127 127 127 127 127 127 127 127 127 127 127 127 127 127 127 127 127 127 127 127 127 127 127 127 127 127 127 127 127 127 127 127 127 127 127 127 127 127 127 127 127 127 127 127 127 126 127 125 125 125 125 125 125 125 125 125 125 125 125 125 125 125 125 125 125 126 126 126 126 126 125 126 126 126 126 126 126 127 128 128 127 127 128 128 
5 5 5 6 6 6 6 6 6 6 6 6 6 6 5 6 6 6 6 6 6 6 6 6 6 6 6 6 6 6 6 6 6 6 6 5 2 1 3 6 6 6 6 7 6 6 6 6 6 6 6 6 6 6 6 6 6 6 6 6 6 6 6 6 6 6 6 5 5 6 5 5 6 5 5 5 5 5 5 5 5 5 5 5 5 5 5 5 5 5 5 5 4 4 4 4 4 4 4 4 5 5 5 5 5 5 4 4 4 4 4 4 4 4 3 4 4 4 4 4 4 4 4 4 4 4 4 4 4 4 4 3 3 3 3 3 3 3 3 3 3 3 3 3 3 3 3 3 3 3 3 3 3 3 3 3 3 3 3 3 3 3 3 5 5 5 5 5 6 6 
138 138 138 138 138 138 138 139 138 138 138 138 138 138 138 138 138 138 138 138 138 138 138 138 139 139 138 139 139 138 138 136 138 138 138 134 132 132 135 137 137 137 139 139 139 139 139 139 139 139 139 139 139 139 139 139 139 139 138 138 138 138 138 138 138 138 138 138 138 138 138 138 139 138 138 138 138 139 138 138 138 137 138 138 138 138 138 138 138 138 137 137 137 137 137 137 137 137 137 137 137 137 137 137 137 137 137 137 137 136 136 136 136 136 135 135 135 135 135 135 135 135 135 135 135 135 135 135 135 135 135 135 135 135 139 138 135 137 137 136 135 135 135 135 135 135 135 135 135 135 135 135 135 135 135 135 135 135 135 135 135 135 137 138 138 138 138 138 138 139 
5 5 5 5 5 6 6 6 6 6 6 6 6 6 5 5 6 6 6 6 6 6 6 6 6 5 5 6 6 5 3 1 2 3 6 2 0 0 2 6 6 6 6 7 7 7 7 7 7 7 6 6 6 6 6 6 6 6 6 6 6 6 6 6 6 6 6 6 6 6 6 6 6 6 6 6 6 6 6 6 6 6 6 6 6 6 6 7 6 6 5 5 5 5 5 5 4 5 5 5 5 5 5 5 5 5 5 4 3 3 3 3 3 3 3 3 4 3 3 3 3 3 3 3 3 3 3 3 3 3 3 3 3 3 6 8 8 8 6 3 4 4 4 4 4 3 3 3 3 3 3 3 3 3 3 3 3 3 3 3 3 4 6 6 6 5 6 6 6 7 
146 148 147 148 148 148 148 148 148 148 148 148 148 148 148 149 148 148 148 149 149 148 148 148 148 148 148 148 147 145 144 144 143 143 144 143 145 145 147 149 149 149 149 149 149 149 149 149 149 149 149 149 149 149 149 149 149 149 149 149 149 149 149 149 149 149 149 149 149 149 149 149 149 149 149 149 149 149 149 149 149 150 149 149 150 149 150 149 149 149 149 150 149 149 149 148 148 148 148 148 148 149 148 148 149 149 148 149 148 147 148 146 147 147 148 147 147 146 146 148 147 147 147 147 146 147 146 146 146 145 146 146 146 146 146 150 150 147 146 147 147 147 147 147 147 146 146 146 146 147 146 146 146 146 146 146 146 146 146 147 148 149 150 149 149 149 149 149 149 150 
3 4 4 5 5 5 5 5 5 6 6 6 6 6 6 6 6 6 6 6 6 6 6 5 6 6 5 5 5 5 6 6 5 0 0 1 1 2 6 6 6 6 6 6 6 6 6 6 6 7 7 7 7 7 7 6 6 6 6 6 6 6 6 6 6 6 6 6 6 6 6 6 6 6 6 7 7 7 7 7 7 7 7 7 7 7 7 7 7 7 7 7 7 7 7 7 7 7 6 6 6 6 6 6 6 7 7 7 6 6 6 5 7 7 7 7 6 5 6 6 6 6 7 6 6 6 5 5 6 5 5 4 4 3 4 6 5 4 4 4 6 5 5 5 4 4 4 4 4 4 4 4 3 3 3 3 3 4 4 5 5 5 7 7 6 6 6 7 7 7 
157 157 157 158 159 158 159 159 159 159 159 159 159 159 160 159 159 159 159 159 159 160 160 160 160 160 159 159 159 159 160 160 159 156 154 155 154 156 160 160 160 160 160 160 160 160 160 160 160 160 160 160 160 160 160 160 160 160 160 160 160 160 160 160 160 160 160 160 160 160 160 160 160 160 160 160 160 160 160 161 160 161 161 161 161 161 161 161 161 161 161 161 161 161 161 161 161 161 161 161 161 161 160 161 160 160 160 160 159 158 158 158 158 158 160 159 159 160 159 159 160 159 159 159 159 157 158 158 158 157 158 158 158 158 160 161 161 160 158 160 160 160 159 157 158 158 157 157 157 157 157 157 157 158 158 157 158 158 158 157 158 160 161 161 161 161 160 160 160 161 
4 3 3 4 5 4 4 5 4 5 5 5 6 6 5 5 6 6 6 6 6 6 6 6 6 6 6 5 5 5 6 6 4 2 1 3 4 6 6 6 6 6 6 6 6 6 6 6 6 6 6 6 6 6 6 7 7 7 7 7 6 6 6 6 6 6 7 7 7 7 6 6 6 7 6 7 7 7 7 7 7 7 7 7 7 7 7 7 7 7 7 7 7 7 7 7 7 7 7 7 7 6 6 6 6 5 5 4 5 4 3 4 4 3 4 4 4 4 3 3 3 3 3 3 3 3 3 3 3 3 3 3 3 3 4 6 7 6 6 6 5 3 3 3 4 3 3 3 3 3 3 3 3 3 3 3 3 3 3 3 5 7 7 7 7 6 6 6 7 7 
169 169 169 169 170 169 169 169 169 169 169 171 170 170 171 170 171 171 171 170 171 171 171 171 171 171 171 171 171 171 171 171 169 169 171 171 171 171 171 171 171 171 171 170 171 171 171 171 171 171 172 172 172 172 172 172 172 172 172 172 172 172 172 172 172 172 172 172 172 172 172 172 172 172 172 172 172 172 172 172 172 172 172 172 172 172 172 172 172 172 172 172 172 172 172 172 172 172 172 172 171 171 171 171 171 171 170 169 169 169 169 169 169 169 169 169 170 170 170 169 169 169 169 169 170 169 169 169 169 169 169 169 169 169 169 172 172 172 172 172 172 171 171 171 172 172 171 169 168 169 168 168 168 168 168 168 169 168 169 170 172 172 172 172 172 172 172 172 172 173 
3 3 3 3 3 3 3 3 3 3 3 3 3 3 4 4 5 4 5 4 5 5 6 6 6 6 6 6 6 6 6 5 4 6 6 5 6 6 6 6 6 6 6 6 6 6 6 6 6 6 6 6 6 6 6 6 6 6 6 7 7 7 7 7 7 6 6 6 6 7 7 7 7 7 7 7 7 7 7 7 7 7 7 7 7 7 7 7 7 7 7 7 7 7 7 7 7 6 6 5 5 5 5 5 4 4 4 3 3 3 3 4 4 4 4 4 4 4 4 4 4 4 3 3 3 3 3 3 3 3 3 3 3 3 3 4 7 7 6 6 6 6 6 6 6 6 7 5 3 3 3 3 3 3 3 3 3 3 5 6 6 6 6 6 6 6 6 5 4 6 
181 181 181 181 182 181 181 181 181 181 181 181 181 181 181 181 181 181 181 182 183 182 183 183 183 183 184 183 184 184 183 183 183 182 183 182 182 183 184 184 183 183 184 184 184 184 184 184 184 184 184 184 184 184 184 184 184 184 184 184 184 184 184 184 184 184 184 184 184 184 184 184 184 184 184 184 184 184 184 184 184 184 184 184 185 185 185 185 184 184 184 183 184 184 184 183 183 182 181 182 182 182 182 182 181 181 181 181 181 181 181 182 182 182 182 182 182 182 182 181 181 181 182 181 181 181 181 181 181 181 181 181 181 181 181 183 184 184 184 184 184 184 184 184 184 184 184 183 182 181 180 180 180 180 180 180 182 183 184 183 183 183 183 183 181 182 182 180 180 183 
3 3 3 3 4 5 4 3 4 3 3 3 4 3 4 3 3 3 3 3 4 4 5 5 6 6 6 6 6 6 5 5 3 2 3 3 3 4 5 6 6 6 6 6 6 6 6 6 6 6 6 6 6 6 6 6 6 6 6 7 7 7 7 7 7 7 7 7 7 7 7 7 7 7 7 7 7 7 7 7 7 7 7 7 7 7 6 5 5 4 5 4 3 3 4 3 3 4 4 4 4 4 4 4 4 4 4 4 4 4 4 4 4 4 4 4 4 4 4 3 3 3 4 4 4 4 3 4 3 3 3 4 6 6 6 6 6 6 6 6 6 5 6 6 6 6 6 6 6 6 2 2 2 2 2 4 6 6 5 5 5 4 3 2 2 2 2 2 3 6 
193 193 193 193 193 193 194 193 194 194 194 194 194 194 194 194 194 194 194 194 194 194 194 194 195 196 196 196 196 196 194 192 192 192 192 192 192 192 192 195 195 195 196 196 196 196 197 197 197 197 197 197 197 197 197 197 197 197 197 197 197 197 197 197 197 197 197 197 197 197 197 197 197 197 197 197 197 197 197 198 198 198 197 198 197 197 197 196 196 196 195 194 194 194 194 194 194 194 195 195 195 194 195 194 194 195 195 195 194 195 194 194 194 194 194 194 194 194 194 194 194 194 194 194 194 194 194 194 194 194 194 196 197 197 197 196 197 196 196 196 196 196 196 196 196 196 196 196 196 195 192 192 192 192 192 195 196 196 195 195 195 194 193 192 192 193 193 193 195 196 
3 3 3 3 3 3 3 3 3 4 3 3 3 3 3 3 3 3 3 3 3 4 4 4 4 4 5 4 5 5 4 3 2 2 2 2 3 3 4 4 5 5 5 5 6 6 6 6 6 6 6 6 6 6 6 6 6 6 6 7 6 6 6 6 7 7 7 7 7 7 7 7 7 7 7 7 7 7 7 8 7 7 7 7 6 6 6 6 6 6 6 5 5 4 4 4 4 4 4 4 4 3 3 3 4 4 4 4 4 4 4 3 3 3 3 3 3 3 3 3 3 3 3 3 3 3 3 3 3 3 3 4 6 6 6 6 6 6 6 5 5 5 5 6 6 6 5 6 6 5 3 3 2 2 2 3 4 3 4 5 3 2 2 2 2 2 2 2 5 6 
207 207 207 206 207 207 207 207 207 207 207 207 207 207 207 207 207 207 207 207 207 207 207 207 207 207 207 207 207 208 208 208 209 209 209 209 209 209 209 209 208 208 209 209 210 210 210 210 210 210 210 210 210 210 210 210 210 210 210 210 210 210 210 210 210 210 210 210 210 210 211 211 210 210 210 211 210 210 210 211 211 211 210 211 210 209 210 210 210 210 211 208 208 208 208 208 207 207 207 207 207 207 207 207 207 207 207 207 208 209 209 208 207 207 207 208 209 207 207 207 207 207 207 207 207 207 207 207 207 206 206 206 209 209 209 209 209 209 209 209 209 209 209 209 210 209 209 210 209 209 208 207 206 205 206 206 206 206 206 206 206 206 206 206 206 206 206 206 208 209 
2 3 3 2 3 3 3 3 3 3 3 3 3 3 3 3 3 3 3 4 4 4 4 4 4 4 4 4 4 4 3 4 4 5 5 5 6 6 6 6 6 5 5 6 6 6 6 6 6 6 6 6 6 6 6 6 6 7 7 7 7 7 7 7 7 7 7 7 7 7 7 7 7 7 6 6 7 7 6 6 6 6 7 7 7 7 7 7 7 6 6 4 4 4 4 4 4 4 4 4 4 4 4 4 4 4 4 4 6 6 6 6 4 4 3 3 3 3 3 3 3 3 3 3 3 3 3 3 2 2 2 3 5 5 5 5 5 5 5 5 5 5 6 6 6 6 6 6 6 6 5 3 2 2 2 2 2 2 2 2 1 1 2 3 2 2 4 5 6 6 
219 221 221 220 221 221 220 221 221 221 221 221 221 221 221 221 221 221 221 221 221 222 222 221 221 221 221 221 222 222 222 222 222 222 222 222 223 223 224 224 224 223 223 222 223 224 224 224 224 223 224 224 224 224 224 224 224 224 224 224 224 224 224 224 224 224 224 224 224 224 225 225 225 225 225 225 224 224 224 223 224 224 224 224 224 225 224 225 224 224 223 221 221 221 221 221 221 221 221 221 221 221 221 222 222 221 222 222 224 224 223 222 221 222 222 221 221 221 220 220 220 220 220 220 220 220 220 221 220 220 220 222 223 223 223 223 223 223 223 223 223 223 223 224 224 224 224 224 224 223 222 220 219 219 219 219 219 219 219 219 219 219 219 219 219 219 221 223 223 223 
1 3 3 3 4 4 4 2 3 4 4 3 4 4 4 4 4 3 4 4 4 4 4 4 4 4 4 4 4 5 5 5 5 6 5 5 4 5 5 5 6 6 6 5 6 6 6 6 6 6 6 6 6 6 6 6 6 6 6 6 7 7 7 7 7 7 7 7 7 7 8 8 8 8 8 8 8 8 8 7 6 6 6 6 6 6 6 6 6 6 6 4 5 5 5 5 5 4 4 4 4 4 4 5 5 5 5 4 4 4 4 4 5 6 6 5 4 3 3 2 2 2 2 2 2 2 3 3 2 4 5 5 5 6 6 6 5 5 5 5 6 6 6 6 6 6 6 6 6 4 2 2 2 2 2 2 2 2 2 2 2 2 2 2 2 3 4 5 5 5 
233 235 236 235 236 236 236 236 235 236 236 235 235 236 236 236 236 236 236 236 236 236 236 236 236 236 236 236 236 236 236 236 236 237 237 237 237 237 238 236 237 238 238 238 238 238 238 238 238 238 238 237 238 238 238 238 238 238 239 239 239 239 239 239 239 239 239 240 240 240 240 240 240 240 240 240 240 240 240 240 239 239 238 239 239 238 238 238 238 239 239 237 237 237 237 237 237 236 236 236 236 236 236 237 238 238 238 237 237 238 238 238 238 237 238 238 238 236 235 235 235 235 234 235 235 234 235 236 236 235 235 237 238 238 238 238 238 237 237 237 237 238 238 238 238 238 238 238 237 236 234 234 235 235 234 234 234 234 234 234 234 234 234 234 236 237 237 237 237 237 
1 2 3 4 4 4 3 3 3 4 4 4 2 4 4 4 4 4 4 4 3 4 4 4 4 4 4 4 4 4 4 4 4 4 4 4 4 4 5 6 5 5 6 6 6 5 5 5 6 5 5 5 5 6 6 6 6 6 6 6 7 7 7 7 7 7 7 7 8 8 8 8 8 8 8 8 8 8 8 8 8 8 8 7 6 6 6 6 6 7 7 7 6 5 5 4 4 4 4 4 4 4 4 6 7 6 6 6 7 7 7 6 7 6 5 5 5 4 3 3 3 3 2 2 3 3 3 3 3 5 6 5 5 5 5 5 5 5 5 5 5 5 5 5 4 4 5 5 5 5 3 2 3 3 3 2 3 2 2 2 2 2 2 2 5 5 4 3 4 5 
249 250 250 251 250 251 251 250 250 251 251 251 250 251 251 250 251 251 251 251 250 251 251 251 251 251 251 252 252 251 251 251 251 252 251 251 252 252 252 253 252 252 252 252 253 252 252 252 252 252 252 252 252 252 253 253 253 253 253 254 254 254 254 255 255 255 255 255 255 255 255 255 255 255 255 255 255 255 255 255 255 255 255 0 255 254 255 254 254 254 254 254 254 254 254 254 253 252 251 251 251 252 253 254 255 254 254 254 255 255 255 255 255 255 254 254 253 252 250 249 251 251 250 249 250 250 250 250 252 253 253 252 252 252 252 252 252 252 252 252 252 253 253 253 251 250 252 253 254 254 253 251 251 251 251 251 251 251 250 249 249 249 249 249 251 250 249 249 251 252 
